26909070100877
26908070100866
26909070101866
26909070100866
26909070500866
34123412313412
23524534765232
36346346234523
26909080100866
35656365625363
24524523535352
2690907012063326909070100877
26908070100866
26909070101866
26909070100866
26909070500866
34123412313412
23524534765232
36346346234523
26909070100877
26908070100866
26909070101866
26909070100866
26909070500866
34123412313412
23524534765232
36346346234523
26909070100877
26908070100866
26909070101866
26909070100866
26909070500866
34123412313412
23524534765232
36346346234523
26909070100877
26908070100866
26909070101866
26909070100866
26909070500866
34123412313412
23524534765232
36346346234523
26909070100877
26908070100866
26909070101866
26909070100866
26909070500866
34123412313412
23524534765232
36346346234523
26909070100877
26908070100866
26909070101866
26909070100866
26909070500866
34123412313412
23524534765232
36346346234523
26909070100877
26908070100866
26909070101866
26909070100866
26909070500866
34123412313412
23524534765232
36346346234523
23314134141412
26909070100877
26908070100866
26909070101866
26909070100866
26909070500866
34123412313412
23524534765232
36346346234523
23314134141412
26909070100877
26908070100866
26909070101866
26909070100866
26909070500866
34123412313412
23524534765232
36346346234523
23314134141412
47545676786747
26909070100877
26908070100866
26909070101866
26909070100866
26909070500866
34123412313412
23524534765232
36346346234523
23314134141412
26909070100877
26908070100866
26909070101866
26909070100866
26909070500866
34123412313412
23524534765232
36346346234523
23314134141412
26909070100877
26908070100866
26909070101866
26909070100866
26909070500866
34123412313412
23524534765232
36346346234523
23314134141412
26909070100877
26908070100866
26909070101866
26909070100866
26909070500866
34123412313412
23524534765232
36346346234523
23314134141412
26909070100877
26908070100866
26909070101866
26909070100866
26909070500866
34123412313412
23524534765232
36346346234523
23314134141412
34141241412413
26909070100877
26908070100866
26909070101866
26909070100866
26909070500866
34123412313412
23524534765232
36346346234523
23314134141412
34141241412413
26909070100877
26908070100866
26909070101866
26909070100866
26909070500866
34123412313412
23524534765232
36346346234523
23314134141412
34141241412413
26909070100877
26908070100866
26909070101866
26909070100866
26909070500866
34123412313412
23524534765232
36346346234523
23314134141412
34141241412413
26909070100877
26908070100866
26909070101866
26909070100866
26909070500866
34123412313412
23524534765232
36346346234523
23314134141412
34141241412413
26909070100877
26908070100866
26909070101866
26909070100866
26909070500866
34123412313412
23524534765232
36346346234523
23314134141412
34141241412413
26909070100877
26908070100866
26909070101866
26909070100866
26909070500866
34123412313412
23524534765232
36346346234523
23314134141412
34141241412413
26909070100877
26908070100866
26909070101866
26909070100866
26909070500866
34123412313412
23524534765232
36346346234523
23314134141412
34141241412413
12121212121212
26909080100866
35656365625363
24524523535352
47545676786747
12121212121212
